0.0099518473 0.0009801714 -1
0.019811387 0.0027402468 3
0.029302976 0.0064292746 -1
0.037792242 0.013105207 -1
0.044096063 0.023569837 3
0.0095694034 0.0029028468 3
0.018896121 0.0065526036 3
0.027485639 0.012022465 3
0.034509375 0.020226295 -1
0.038650523 0.031719664 3
0.0088192126 0.0047139674 -1
0.017254688 0.010113147 -1
0.024612043 0.017153639 -1
0.029900333 0.026570098 -1
0.031719664 0.038650523 3
0.0077301045 0.0063439328 3
0.014950167 0.013285049 -1
0.020792621 0.021625608 3
0.024142238 0.031892826 3
0.023569837 0.044096063 -1
0.0063439328 0.0077301045 -1
0.012071119 0.015946413 3
0.01617415 0.025266517 -1
0.01745637 0.035989931 3
0.014514234 0.047847017 -1
0.0047139674 0.0088192126 3
0.0087281848 0.017994966 3
0.010934115 0.027936448 3
0.010099663 0.038703964 -1
0.004900857 0.049759236 -1
0.0029028468 0.0095694034 -1
0.0050498315 0.019351982 -1
0.0052738884 0.029532797 -1
0.0023548321 0.039930624 -1
-0.004900857 0.049759236 2
0.0009801714 0.0099518473 -1
0.0011774161 0.019965312 -1
-0.00058901077 0.029994217 -1
-0.0054804937 0.039622774 -1
-0.014514234 0.047847017 -1
-0.0009801714 0.0099518473 2
-0.0027402468 0.019811387 2
-0.0064292746 0.029302976 -1
-0.013105207 0.037792242 -1
-0.023569837 0.044096063 -1
-0.0029028468 0.0095694034 2
-0.0065526036 0.018896121 -1
-0.012022465 0.027485639 2
-0.020226295 0.034509375 -1
-0.031719664 0.038650523 -1
-0.0047139674 0.0088192126 -1
-0.010113147 0.017254688 -1
-0.017153639 0.024612043 -1
-0.026570098 0.029900333 -1
-0.038650523 0.031719664 -1
-0.0063439328 0.0077301045 -1
-0.013285049 0.014950167 -1
-0.021625608 0.020792621 -1
-0.031892826 0.024142238 -1
-0.044096063 0.023569837 1
-0.0077301045 0.0063439328 -1
-0.015946413 0.012071119 -1
-0.025266517 0.01617415 -1
-0.035989931 0.01745637 -1
-0.047847017 0.014514234 -1
-0.0088192126 0.0047139674 -1
-0.017994966 0.0087281848 1
-0.027936448 0.010934115 1
-0.038703964 0.010099663 -1
-0.049759236 0.004900857 -1
-0.0095694034 0.0029028468 1
-0.019351982 0.0050498315 -1
-0.029532797 0.0052738884 1
-0.039930624 0.0023548321 1
-0.049759236 -0.004900857 -1
-0.0099518473 0.0009801714 0
-0.019965312 0.0011774161 -1
-0.029994217 -0.00058901077 -1
-0.039622774 -0.0054804937 -1
-0.047847017 -0.014514234 -1
-0.0099518473 -0.0009801714 0
-0.019811387 -0.0027402468 0
-0.029302976 -0.0064292746 0
-0.037792242 -0.013105207 -1
-0.044096063 -0.023569837 -1
-0.0095694034 -0.0029028468 0
-0.018896121 -0.0065526036 0
-0.027485639 -0.012022465 -1
-0.034509375 -0.020226295 -1
-0.038650523 -0.031719664 -1
-0.0088192126 -0.0047139674 0
-0.017254688 -0.010113147 0
-0.024612043 -0.017153639 0
-0.029900333 -0.026570098 0
-0.031719664 -0.038650523 -1
-0.0077301045 -0.0063439328 0
-0.014950167 -0.013285049 0
-0.020792621 -0.021625608 -1
-0.024142238 -0.031892826 -1
-0.023569837 -0.044096063 -1
-0.0063439328 -0.0077301045 -1
-0.012071119 -0.015946413 -1
-0.01617415 -0.025266517 0
-0.01745637 -0.035989931 -1
-0.014514234 -0.047847017 -1
-0.0047139674 -0.0088192126 0
-0.0087281848 -0.017994966 -1
-0.010934115 -0.027936448 -1
-0.010099663 -0.038703964 -1
-0.004900857 -0.049759236 -1
-0.0029028468 -0.0095694034 -1
-0.0050498315 -0.019351982 -1
-0.0052738884 -0.029532797 -1
-0.0023548321 -0.039930624 -1
0.004900857 -0.049759236 -1
-0.0009801714 -0.0099518473 -1
-0.0011774161 -0.019965312 0
0.00058901077 -0.029994217 0
0.0054804937 -0.039622774 1
0.014514234 -0.047847017 -1
0.0009801714 -0.0099518473 1
0.0027402468 -0.019811387 1
0.0064292746 -0.029302976 1
0.013105207 -0.037792242 -1
0.023569837 -0.044096063 -1
0.0029028468 -0.0095694034 1
0.0065526036 -0.018896121 1
0.012022465 -0.027485639 1
0.020226295 -0.034509375 1
0.031719664 -0.038650523 1
0.0047139674 -0.0088192126 1
0.010113147 -0.017254688 1
0.017153639 -0.024612043 -1
0.026570098 -0.029900333 1
0.038650523 -0.031719664 2
0.0063439328 -0.0077301045 1
0.013285049 -0.014950167 1
0.021625608 -0.020792621 -1
0.031892826 -0.024142238 2
0.044096063 -0.023569837 -1
0.0077301045 -0.0063439328 2
0.015946413 -0.012071119 2
0.025266517 -0.01617415 2
0.035989931 -0.01745637 2
0.047847017 -0.014514234 -1
0.0088192126 -0.0047139674 2
0.017994966 -0.0087281848 -1
0.027936448 -0.010934115 -1
0.038703964 -0.010099663 -1
0.049759236 -0.004900857 -1
0.0095694034 -0.0029028468 -1
0.019351982 -0.0050498315 -1
0.029532797 -0.0052738884 2
0.039930624 -0.0023548321 2
0.049759236 0.004900857 3
0.0099518473 -0.0009801714 2
0.019965312 -0.0011774161 2
0.029994217 0.00058901077 2
0.039622774 0.0054804937 3
0.047847017 0.014514234 3
