0.0049572243 0.00065263096 -1
0.013155244 0.0021719396 -1
0.021250348 0.004226957 2
0.029216309 0.0068122879 -1
0.0046193977 0.0019134172 -1
0.012144851 0.0055027604 -1
0.019432243 0.0095829216 2
0.026457638 0.014141902 2
0.0039667667 0.0030438071 2
0.010306806 0.0084585771 -1
0.016289862 0.014285826 2
0.021895922 0.020507769 -1
0.0030438071 0.0039667667 -1
0.0077663693 0.010837956 -1
0.012037355 0.018015175 2
0.015842036 0.025476065 2
0.0019134172 0.0046193977 -1
0.0046966673 0.012478746 2
0.0069645217 0.020516819 -1
0.0087085403 0.02870821 2
0.00065263096 0.0049572243 -1
0.0013068952 0.01326913 -1
0.0014170678 0.021620277 -1
0.00098157248 0.029983938 -1
-0.00065263096 0.0049572243 1
-0.0021719396 0.013155244 -1
-0.004226957 0.021250348 1
-0.0068122879 0.029216309 1
-0.0019134172 0.0046193977 1
-0.0055027604 0.012144851 1
-0.0095829216 0.019432243 1
-0.014141902 0.026457638 1
-0.0030438071 0.0039667667 1
-0.0084585771 0.010306806 1
-0.014285826 0.016289862 1
-0.020507769 0.021895922 1
-0.0039667667 0.0030438071 1
-0.010837956 0.0077663693 1
-0.018015175 0.012037355 1
-0.025476065 0.015842036 1
-0.0046193977 0.0019134172 -1
-0.012478746 0.0046966673 1
-0.020516819 0.0069645217 1
-0.02870821 0.0087085403 -1
-0.0049572243 0.00065263096 -1
-0.01326913 0.0013068952 -1
-0.021620277 0.0014170678 -1
-0.029983938 0.00098157248 -1
-0.0049572243 -0.00065263096 0
-0.013155244 -0.0021719396 0
-0.021250348 -0.004226957 0
-0.029216309 -0.0068122879 0
-0.0046193977 -0.0019134172 0
-0.012144851 -0.0055027604 0
-0.019432243 -0.0095829216 0
-0.026457638 -0.014141902 0
-0.0039667667 -0.0030438071 0
-0.010306806 -0.0084585771 0
-0.016289862 -0.014285826 0
-0.021895922 -0.020507769 0
-0.0030438071 -0.0039667667 0
-0.0077663693 -0.010837956 0
-0.012037355 -0.018015175 0
-0.015842036 -0.025476065 0
-0.0019134172 -0.0046193977 0
-0.0046966673 -0.012478746 0
-0.0069645217 -0.020516819 0
-0.0087085403 -0.02870821 0
-0.00065263096 -0.0049572243 0
-0.0013068952 -0.01326913 0
-0.0014170678 -0.021620277 0
-0.00098157248 -0.029983938 0
0.00065263096 -0.0049572243 -1
0.0021719396 -0.013155244 -1
0.004226957 -0.021250348 -1
0.0068122879 -0.029216309 -1
0.0019134172 -0.0046193977 -1
0.0055027604 -0.012144851 1
0.0095829216 -0.019432243 1
0.014141902 -0.026457638 -1
0.0030438071 -0.0039667667 -1
0.0084585771 -0.010306806 1
0.014285826 -0.016289862 -1
0.020507769 -0.021895922 -1
0.0039667667 -0.0030438071 1
0.010837956 -0.0077663693 1
0.018015175 -0.012037355 -1
0.025476065 -0.015842036 1
0.0046193977 -0.0019134172 -1
0.012478746 -0.0046966673 1
0.020516819 -0.0069645217 1
0.02870821 -0.0087085403 1
0.0049572243 -0.00065263096 1
0.01326913 -0.0013068952 1
0.021620277 -0.0014170678 1
0.029983938 -0.00098157248 1
